2731 anydesk 662196
3251 xdg-document-po 3305
2635 chrome-remote-d 3183 4067 4068 4069 4081 4165 4167
5786 gnome-session-b 6146 6161 6173 6228 8637
0  1 488 547 2014 2015 2016 2019 2160 2242 2161 2162 2165 2176 2186 2190 2191 2195 2196 2197 2198 2200 2201 2202 2204 2222 2274 2284 2289 2343 2400 2447 2635 3183 4067 4068 4069 4081 4165 4167 2639 2643 2645 2647 2658 2664 2668 3706 2609755 2669 3497 3498 2687 2705 2711 2731 662196 2750 2810 2904 2911 2938 3177 3178 3179 3182 3184 3185 23072 3213 3251 3305 3280 4078 6595 110783 110792 110812 885753 4092 4207 4225 4355 5708 5813 5743 5747 5749 5786 6146 6161 6173 6228 8637 5834 5942 6703 16082 16105 16121 17229 17236 17237 17250 17285 17300 17251 17253 17434 17687 17719 17736 17740 17766 17783 17858 41652 668204 1599090 1605643 2654066 2655193 17286 17887 38995 1656313 1656458 1656531 1656590 1656459 1656461 1656553 2410682 2410981 2411018 2411029 2411545 2636218 1656542 2411038 5890 6067 6070 6080 6094 6117 6253 6266 6525 6118 6123 6127 6131 6135 6139 6144 6145 6147 6157 6158 6162 6197 6202 6208 6275 6285 6289 6294 6301 6395 6418 6422 6432 6442 6468 6480 6510 6534 6617 6622 6698 6814 15146 16122 639835 642713 880084 907367 1213789 1255040 1609435 1631271 2393564 2655469 2655471 16091 17242 17244 20727 20734 410232 642685 642697 642712 1609420 1609434 1631257 1631270 2393550 2393563 664841 885715 1656452 1656454 2924 3003 3350 3363 5165 2974 2983 3059 3060 3412 3413 3415 3030 4172 4174 4210 4216 4220 4223 4265 4303 4311 4317 4318 4319 4320 4321 4328 4329 4330 4399 4449 4510 4577 4581 4562 5946 6095 6695 7586 7733 8180 8275 46333 57756 839954 840350 1645623 1645624 1645625 1645628 1645631 1645677 1645691 1645720 1645761 1645790 1645907 1645921 1645968 1646011 1646045 1646538 1646665 1705684 1705686 1705688 2654642 2 3 4 5 6 7 9 12 13 14 15 16 17 18 19 20 21 22 23 24 25 26 28 29 30 31 32 34 35 36 37 38 40 41 42 43 44 46 47 48 49 50 52 53 54 55 56 58 59 60 61 62 64 65 66 67 69 70 72 73 74 75 76 77 78 81 83 84 85 86 87 88 89 91 92 93 96 97 98 99 100 101 103 104 105 112 114 127 150 154 172 173 183 184 215 218 224 228 254 255 256 257 258 259 420 421 559 702 730 893 894 895 896 902 903 904 917 918 920 921 922 1073 1076 1323 1324 1325 1574 1575 1576 1577 1578 1579 1580 1581 1582 1583 1584 1585 1607 2017 2018 3345 4412 4415 5940 6138 12512 17269 17299 22088 110772 410263 588482 885743 974995 1656576 1656577 2537311 2602067 2626989 2627906 2631512 2633325 2637752 2637917 2639737 2640275 2640768 2642136 2643930 2644760 2645577 2645750 2646367 2646851 2647070 2647368 2647885 2647886 2648137 2649155 2650842 2651855 2652266 2652386 2652897 2652963 2653055 2653433 2653772 2654736
7586 x11vnc 7733
16105 bash 16121
5834 gnome-shell 5942 6703 16082 16105 16121 17229 17236 17237 17250 17285 17300 17251 17253 17434 17687 17719 17736 17740 17766 17783 17858 41652 668204 1599090 1605643 2654066 2655193 17286 17887 38995 1656313 1656458 1656531 1656590 1656459 1656461 1656553 2410682 2410981 2411018 2411029 2411545 2636218 1656542 2411038
15146 tmux: 16122 639835 642713 880084 907367 1213789 1255040 1609435 1631271 2393564 2655469 2655471
3706 run-cups-browse 2609755
3350 gdm-x-session 3363 5165
3185 gnome-keyring-d 23072
6117 ibus-daemon 6253 6266 6525
4510 smbd 4577 4581
1656461 chrome 1656553 2410682 2410981 2411018 2411029 2411545 2636218
1705684 cupsd 1705686
1645623 python3 1645624 1645625 1645628 1645631
2160 avahi-daemon 2242
17251 chrome 17253 17434 17687 17719 17736 17740 17766 17783 17858 41652 668204 1599090 1605643 2654066 2655193
1609420 bash 1609434
8180 crowdsec 8275
2655469 pslist 2655471
1631257 bash 1631270
1656459 chrome 1656461 1656553 2410682 2410981 2411018 2411029 2411545 2636218
4207 at-spi-bus-laun 4225
2668 run-cups-browse 3706 2609755
17250 chrome 17285 17300
4078 gvfsd 6595 110783 110792 110812 885753
2983 postgres 3059 3060 3412 3413 3415
2393564 bash 2655469 2655471
17285 chrome 17300
642685 gnome-terminal- 642697 642712 1609420 1609434 1631257 1631270 2393550 2393563
1656313 chrome 1656458 1656531 1656590 1656459 1656461 1656553 2410682 2410981 2411018 2411029 2411545 2636218 1656542 2411038
2669 run-cupsd 3497 3498
4311 nginx 4317 4318 4319 4320 4321 4328 4329 4330
2393550 bash 2393563
16082 xfce4-terminal 16105 16121
1656458 chrome 1656531 1656590
17229 chrome 17236 17237 17250 17285 17300 17251 17253 17434 17687 17719 17736 17740 17766 17783 17858 41652 668204 1599090 1605643 2654066 2655193 17286 17887
17253 chrome 17434 17687 17719 17736 17740 17766 17783 17858 41652 668204 1599090 1605643 2654066 2655193
5708 snapd-desktop-i 5813
1656531 chrome 1656590
2924 gdm3 3003 3350 3363 5165
2911 systemd 2938 3177 3178 3179 3182 3184 3185 23072 3213 3251 3305 3280 4078 6595 110783 110792 110812 885753 4092 4207 4225 4355 5708 5813 5743 5747 5749 5786 6146 6161 6173 6228 8637 5834 5942 6703 16082 16105 16121 17229 17236 17237 17250 17285 17300 17251 17253 17434 17687 17719 17736 17740 17766 17783 17858 41652 668204 1599090 1605643 2654066 2655193 17286 17887 38995 1656313 1656458 1656531 1656590 1656459 1656461 1656553 2410682 2410981 2411018 2411029 2411545 2636218 1656542 2411038 5890 6067 6070 6080 6094 6117 6253 6266 6525 6118 6123 6127 6131 6135 6139 6144 6145 6147 6157 6158 6162 6197 6202 6208 6275 6285 6289 6294 6301 6395 6418 6422 6432 6442 6468 6480 6510 6534 6617 6622 6698 6814 15146 16122 639835 642713 880084 907367 1213789 1255040 1609435 1631271 2393564 2655469 2655471 16091 17242 17244 20727 20734 410232 642685 642697 642712 1609420 1609434 1631257 1631270 2393550 2393563 664841 885715 1656452 1656454
642697 bash 642712
1 systemd 488 547 2014 2015 2016 2019 2160 2242 2161 2162 2165 2176 2186 2190 2191 2195 2196 2197 2198 2200 2201 2202 2204 2222 2274 2284 2289 2343 2400 2447 2635 3183 4067 4068 4069 4081 4165 4167 2639 2643 2645 2647 2658 2664 2668 3706 2609755 2669 3497 3498 2687 2705 2711 2731 662196 2750 2810 2904 2911 2938 3177 3178 3179 3182 3184 3185 23072 3213 3251 3305 3280 4078 6595 110783 110792 110812 885753 4092 4207 4225 4355 5708 5813 5743 5747 5749 5786 6146 6161 6173 6228 8637 5834 5942 6703 16082 16105 16121 17229 17236 17237 17250 17285 17300 17251 17253 17434 17687 17719 17736 17740 17766 17783 17858 41652 668204 1599090 1605643 2654066 2655193 17286 17887 38995 1656313 1656458 1656531 1656590 1656459 1656461 1656553 2410682 2410981 2411018 2411029 2411545 2636218 1656542 2411038 5890 6067 6070 6080 6094 6117 6253 6266 6525 6118 6123 6127 6131 6135 6139 6144 6145 6147 6157 6158 6162 6197 6202 6208 6275 6285 6289 6294 6301 6395 6418 6422 6432 6442 6468 6480 6510 6534 6617 6622 6698 6814 15146 16122 639835 642713 880084 907367 1213789 1255040 1609435 1631271 2393564 2655469 2655471 16091 17242 17244 20727 20734 410232 642685 642697 642712 1609420 1609434 1631257 1631270 2393550 2393563 664841 885715 1656452 1656454 2924 3003 3350 3363 5165 2974 2983 3059 3060 3412 3413 3415 3030 4172 4174 4210 4216 4220 4223 4265 4303 4311 4317 4318 4319 4320 4321 4328 4329 4330 4399 4449 4510 4577 4581 4562 5946 6095 6695 7586 7733 8180 8275 46333 57756 839954 840350 1645623 1645624 1645625 1645628 1645631 1645677 1645691 1645720 1645761 1645790 1645907 1645921 1645968 1646011 1646045 1646538 1646665 1705684 1705686 1705688 2654642
2 kthreadd 3 4 5 6 7 9 12 13 14 15 16 17 18 19 20 21 22 23 24 25 26 28 29 30 31 32 34 35 36 37 38 40 41 42 43 44 46 47 48 49 50 52 53 54 55 56 58 59 60 61 62 64 65 66 67 69 70 72 73 74 75 76 77 78 81 83 84 85 86 87 88 89 91 92 93 96 97 98 99 100 101 103 104 105 112 114 127 150 154 172 173 183 184 215 218 224 228 254 255 256 257 258 259 420 421 559 702 730 893 894 895 896 902 903 904 917 918 920 921 922 1073 1076 1323 1324 1325 1574 1575 1576 1577 1578 1579 1580 1581 1582 1583 1584 1585 1607 2017 2018 3345 4412 4415 5940 6138 12512 17269 17299 22088 110772 410263 588482 885743 974995 1656576 1656577 2537311 2602067 2626989 2627906 2631512 2633325 2637752 2637917 2639737 2640275 2640768 2642136 2643930 2644760 2645577 2645750 2646367 2646851 2647070 2647368 2647885 2647886 2648137 2649155 2650842 2651855 2652266 2652386 2652897 2652963 2653055 2653433 2653772 2654736
3003 gdm-session-wor 3350 3363 5165
